90.34
82.33
31.74
94.53
55.3
94.22
88.46
82.04
74.31
93.96
51.11
87.88
28.74
78.79
31.65
48.51
50.7
93.73
29.14
67.6
35.87
51.84
27.68
12.82
34.99
50.36
15.74
8.56
83.8
59.0
69.29
33.07
96.61
3.48
12.59
66.09
33.67
80.81
26.76
67.11
93.78
30.11
52.58
66.79
94.55
39.92
2.21
55.67
75.36
9.51
34.99
97.57
69.23
15.11
25.36
24.7
68.35
94.26
29.37
74.52
88.16
92.88
41.9
1.88
13.22
93.07
94.32
87.73
77.95
71.21
73.22
91.51
77.08
21.21
68.97
78.97
13.23
47.2
31.53
80.68
78.6
46.98
72.99
14.56
72.06
88.91
17.16
78.28
43.12
91.8
59.99
7.49
68.22
22.28
95.2
41.55
52.96
70.59
48.74
73.13
44.95
14.09
97.63
23.38
5.16
54.27
2.68
51.99
52.35
95.23
73.38
40.83
75.71
22.0
2.57
89.1
56.17
24.26
14.08
83.21
63.81
64.31
87.46
51.84
82.32
10.63
18.25
59.47
1.66
80.63
73.37
48.73
74.22
88.32
8.72
45.25
0.04
17.33
85.15
66.0
3.6
58.59
84.75
41.18
9.08
94.98
85.14
96.72
65.32
60.91
34.24
46.24
66.13
91.34
5.66
59.71
18.65
46.65
51.9
47.93
50.3
59.28
31.4
16.86
82.12
77.77
56.6
15.7
12.74
88.34
11.05
59.89
37.16
91.99
13.91
55.7
61.89
85.35
34.23
97.98
5.17
9.53
21.85
23.44
3.17
52.38
56.2
27.3
34.37
65.95
9.75
51.77
96.71
11.8
7.57
66.37
37.58
96.47
9.85
2.74
68.44
51.36
9.45
33.73
47.27
24.15
65.72
7.29
43.74
42.53
96.57
17.31
92.49
7.84
73.58
48.63
52.22
4.04
36.1
15.38
31.55
54.96
39.64
62.68
20.46
43.13
69.28
29.25
35.77
6.51
50.92
20.96
89.78
99.66
3.47
49.79
84.08
28.55
4.04
34.22
45.81
14.99
47.51
77.61
4.51
45.83
98.54
42.58
15.27
21.02
19.82
90.19
18.46
10.13
88.76
85.39
57.95
78.34
44.46
85.85
62.7
10.14
97.19
67.37
26.85
99.7
72.72
41.27
90.65
41.87
39.73
45.3
48.9
33.21
59.85
0.39
49.04
49.31
39.33
11.78
97.39
74.1
72.91
44.47
87.37
78.76
39.14
20.24
7.62
13.29
53.67
75.2
61.78
18.57
22.87
21.95
90.53
80.65
44.45
7.1
36.89
85.97
29.58
94.33
56.17
27.93
3.86
6.98
4.27
39.68
61.97
43.95
98.52
30.86
35.13
77.59
53.5
38.15
21.88
2.27
62.97
13.43
81.35
83.67
84.86
18.15
30.44
27.24
45.19
77.94
89.98
77.16
51.19
38.84
18.37
83.14
26.56
29.99
22.86
65.79
75.12
88.51
35.54
20.41
50.9
10.01
47.44
33.52
2.45
89.29
97.11
9.98
27.67
43.15
54.75
72.08
90.11
23.68
59.78
33.61
59.26
26.71
67.59
44.32
36.01
1.44
55.76
85.96
57.13
55.03
20.97
59.71
82.98
87.94
66.8
9.2
28.6
30.87
22.23
45.13
19.03
61.45
79.01
29.66
67.92
93.22
28.91
38.44
67.09
93.37
16.16
19.45
76.61
23.11
12.72
88.82
20.19
87.3
44.07
93.49
31.72
46.68
55.92
22.74
3.41
65.16
74.27
33.98
9.18
14.49
96.56
99.21
68.78
34.09
63.23
72.85
37.18
94.42
42.7
50.36
9.52
73.62
43.35
40.92
42.95
40.84
11.88
59.02
31.41
58.51
82.11
17.29
16.05
59.59
92.92
46.46
83.36
37.29
5.68
70.89
65.91
15.02
96.31
61.9
66.82
30.45
86.58
3.52
31.77
31.11
38.81
86.15
76.93
64.75
36.72
37.82
61.5
9.87
13.09
70.6
92.29
65.05
77.49
21.5
58.45
26.71
36.95
58.71
26.01
11.03
87.42
30.22
29.44
71.27
60.13
41.65
2.13
31.19
74.58
3.02
42.58
60.08
72.5
67.48
82.67
42.68
31.12
5.28
93.88
15.6
98.96
78.56
91.95
76.52
7.65
54.13
1.78
54.28
95.03
49.9
30.14
33.21
47.34
50.1
96.58
98.2
97.99
59.96
58.88
99.96
6.01
57.5
14.43
4.11
51.54
84.63
35.65
56.4
84.53
42.48
20.6
99.54
10.32
35.22
8.77
16.06
69.92
0.83
32.92
32.57
7.21
35.62
1.58
9.65
7.45
88.59
86.43
3.77
3.63
66.7
1.27
86.66
18.4
23.51
36.03
35.51
17.91
85.61
36.06
1.98
59.59
9.75
69.08
93.88
37.74
92.63
53.12
90.29
97.4
81.16
25.75
98.55
56.94
38.75
71.16
30.97
57.1
77.25
48.72
96.44
55.32
47.61
2.44
29.88
98.85
59.86
51.67
58.25
36.89
98.58
84.54
83.35
21.39
98.55
87.8
55.86
98.79
32.39
52.93
56.63
79.68
52.31
97.69
70.98
25.32
76.06
28.83
71.69
20.95
3.91
96.24
71.16
34.56
1.59
55.45
0.91
8.96
67.6
2.26
7.84
12.13
60.3
56.46
85.28
85.11
67.89
43.16
3.43
47.64
25.22
51.25
64.64
11.77
94.86
34.75
12.74
51.07
96.17
0.6
77.98
41.36
53.49
92.07
48.85
50.12
43.7
27.71
55.72
61.1
90.87
68.28
74.6
81.43
1.11
62.83
34.72
82.84
71.3
88.4
9.48
6.02
3.46
77.67
86.56
19.63
46.28
49.75
51.39
5.79
72.02
60.03
22.24
83.57
85.22
3.35
20.75
38.3
80.62
30.96
77.37
34.41
2.92
75.06
62.83
66.1
60.73
58.71
36.64
38.1
59.23
98.01
31.93
48.97
95.74
28.46
96.48
77.04
30.45
92.3
54.14
35.36
71.15
19.42
57.35
28.92
92.68
66.72
21.78
0.54
55.0
14.57
30.72
81.52
55.52
34.77
93.92
12.8
23.91
39.9
27.82
9.3
2.58
99.26
72.95
20.05
29.43
70.79
10.71
51.5
30.97
12.59
4.91
70.11
39.31
99.23
80.97
62.66
59.63
49.69
57.13
22.42
38.8
6.61
24.08
44.9
88.81
74.41
42.09
45.85
94.49
59.62
69.19
22.12
38.63
78.31
86.1
9.49
67.64
55.02
63.54
80.87
8.88
85.48
64.2
47.17
48.75
2.25
98.69
1.11
6.75
30.87
20.55
34.77
27.32
47.87
88.9
5.5
54.25
42.29
51.58
19.65
29.31
60.57
99.02
63.26
24.07
83.25
74.43
71.85
71.8
70.27
44.82
19.45
86.29
78.26
52.16
35.49
6.9
59.07
12.5
31.42
50.49
49.56
89.91
23.1
1.14
21.08
5.18
13.73
74.67
11.27
83.74
80.39
78.08
47.43
22.79
26.73
59.59
96.9
97.1
17.78
21.06
81.89
13.9
89.56
18.33
59.64
51.96
74.38
18.38
27.6
2.91
59.49
25.31
58.21
86.27
22.88
45.41
11.48
19.38
89.94
82.32
36.07
56.79
28.06
24.72
75.34
55.41
57.79
71.34
58.58
61.86
89.56
5.02
63.84
86.54
66.82
98.61
73.96
8.02
79.25
73.43
20.17
43.51
67.38
62.12
33.48
98.82
52.5
65.83
65.84
84.81
58.89
27.35
49.55
63.45
23.36
56.93
97.52
95.33
80.94
78.35
29.4
59.29
53.52
29.5
9.58
62.34
32.43
78.86
65.5
91.93
7.71
66.87
28.75
20.26
59.98
20.49
4.34
70.82
68.76
67.35
90.7
91.96
3.95
38.22
91.51
72.74
58.78
30.24
13.72
10.4
69.44
84.37
32.23
18.71
43.83
55.18
64.5
27.66
27.01
82.59
97.36
98.75
66.2
47.88
78.77
83.66
26.61
23.91
60.86
36.21
97.57
51.98
51.96
35.53
24.2
45.77
0.81
65.43
87.58
66.31
90.28
62.57
52.86
31.48
54.26
28.93
9.83
66.92
98.57
87.2
86.55
39.16
43.11
61.88
53.34
57.31
43.98
97.82
54.22
5.65
2.0
81.28
8.67
89.26
18.27
28.4
3.29
87.89
47.28
5.03
25.26
28.51
18.02
14.36
93.13
85.97
16.18
93.8
4.52
9.81
72.34
50.0
94.48
0.25
10.03
37.08
11.91
71.78
62.86
8.59
84.77
33.27
78.78
10.93
90.63
79.41
27.33
48.02
76.26
43.83
4.89
2.33
16.25
61.13
19.12
19.32
59.68
92.73
